1000
93 54 57
67 38 61
52 2 32
31 79 43
9 4 84
13 17 99
38 72 89
51 21 49
86 3 72
4 6 23
71 7 45
24 46 80
25 96 80
86 1 99
66 63 8
88 84 77
32 87 38
3 58 89
43 60 81
85 4 58
43 58 90
55 81 91
68 77 15
6 66 79
72 4 58
44 73 16
16 7 51
4 33 6
53 42 100
65 56 66
23 28 26
18 10 74
14 63 31
34 76 6
43 90 78
31 91 71
95 13 72
17 57 82
1 95 68
80 30 29
58 23 84
12 31 20
63 15 88
8 32 87
55 36 53
55 11 93
25 95 50
87 86 60
5 90 11
24 83 6
71 98 3
82 92 65
12 48 65
90 93 76
8 88 11
85 29 20
70 76 12
57 86 52
39 36 58
58 87 64
40 75 50
25 35 5
4 1 35
40 44 15
73 67 38
43 19 93
71 63 70
86 32 4
94 97 62
83 23 10
89 43 11
36 53 15
71 38 56
70 4 39
95 75 42
52 40 53
9 84 13
44 10 96
27 85 22
90 75 86
28 5 72
59 13 78
31 52 74
59 91 81
80 25 25
2 17 45
84 8 55
60 7 51
54 26 74
64 43 93
27 10 35
65 59 21
60 32 82
47 49 90
34 87 27
4 53 66
94 28 47
20 93 78
92 45 15
28 18 26
48 70 50
61 95 15
23 84 77
14 81 97
30 22 58
55 31 40
4 49 18
83 2 59
39 36 95
7 72 76
31 75 5
25 25 72
66 87 39
39 68 53
10 38 34
9 96 81
16 11 73
65 51 50
78 8 12
20 64 16
44 88 32
96 5 7
76 56 85
7 89 88
59 5 72
4 86 89
5 70 90
30 35 49
98 86 6
60 42 87
34 66 99
49 73 92
98 97 95
26 50 11
21 49 77
80 4 38
90 22 74
28 21 4
60 8 2
23 18 82
77 68 49
38 71 61
41 67 84
36 77 30
61 68 92
19 62 87
46 30 52
76 30 68
96 53 75
53 50 23
94 18 4
97 8 88
63 71 82
40 3 13
62 8 50
72 94 80
60 70 71
90 30 38
20 42 1
47 27 85
67 78 26
62 34 66
16 1 61
74 34 29
29 61 35
2 25 27
17 15 33
63 33 53
22 82 95
25 90 14
22 12 41
49 74 37
96 19 51
54 28 26
53 16 3
67 65 24
82 49 57
24 19 31
96 38 6
49 21 50
93 26 65
15 51 46
93 49 75
6 29 67
70 68 69
66 27 37
46 22 46
84 48 3
96 8 50
66 63 27
23 6 66
30 59 69
93 12 57
96 10 48
26 58 28
22 91 95
38 63 71
92 93 95
8 5 72
13 12 20
60 90 95
74 35 7
57 78 95
82 72 25
1 89 57
19 89 29
45 7 62
22 4 57
15 31 96
38 64 98
49 77 35
64 12 47
59 53 68
25 17 97
40 94 41
58 2 84
14 87 1
95 74 89
52 46 31
92 21 24
93 74 38
70 11 69
1 87 93
63 84 45
80 65 3
20 2 18
84 68 74
95 28 95
66 46 26
85 42 87
96 83 28
17 41 14
56 2 73
87 30 36
29 72 63
26 16 18
74 36 47
89 81 17
88 18 81
85 6 40
34 17 98
49 16 76
38 61 93
71 90 48
26 65 82
34 49 14
36 87 56
33 67 20
9 43 17
88 64 6
21 39 42
61 41 7
73 87 34
77 30 72
28 90 54
84 46 97
98 18 33
82 36 30
42 73 41
24 51 7
68 44 3
90 60 34
79 1 29
97 75 38
76 69 62
6 99 71
94 5 69
76 20 51
81 30 5
70 76 56
36 66 18
63 10 96
20 87 68
79 31 12
38 27 72
50 74 44
41 71 14
64 60 34
69 10 51
13 64 50
78 95 37
88 3 66
73 64 38
31 3 54
38 40 83
7 26 83
72 67 34
32 12 26
23 92 71
55 91 25
62 85 31
21 91 94
70 8 58
36 27 87
74 39 35
25 33 39
21 63 91
33 39 65
58 16 5
62 85 75
76 97 28
98 47 79
36 95 66
22 88 25
62 12 15
99 4 13
5 26 20
83 42 63
57 85 36
13 60 37
6 22 45
82 13 87
12 53 75
25 44 84
77 77 4
15 56 79
27 23 78
59 27 49
39 89 30
14 70 61
96 51 39
14 11 16
99 27 94
29 2 1
21 93 29
79 22 76
4 55 85
91 59 81
6 7 70
40 20 79
81 77 99
49 17 95
41 92 85
59 94 18
3 88 98
6 33 33
13 51 54
40 84 71
95 80 7
62 49 93
27 11 25
3 90 51
22 10 59
57 29 91
6 91 75
17 49 77
81 85 69
63 65 95
44 13 18
95 45 41
89 64 58
79 45 35
5 32 25
10 33 75
62 39 66
62 22 1
30 6 63
95 61 96
37 64 66
42 11 42
23 66 90
21 25 12
27 41 58
2 11 60
89 13 60
89 76 75
74 99 60
43 52 86
48 60 91
27 80 84
71 89 86
77 57 8
24 26 88
45 38 11
77 35 74
20 25 11
45 24 16
30 1 34
44 62 72
14 19 54
71 43 67
56 48 67
81 83 83
48 62 53
74 70 35
3 54 98
53 34 98
70 64 37
99 83 13
20 53 19
71 35 57
82 8 49
1 26 60
36 92 68
91 17 30
57 40 31
97 7 60
1 86 56
86 89 53
24 9 35
59 51 19
20 62 54
73 92 47
15 54 57
61 76 48
9 4 65
57 66 33
72 95 18
24 99 24
90 62 91
90 64 31
27 2 76
13 50 78
69 22 11
20 13 6
46 83 32
21 35 81
22 44 24
84 45 22
7 97 96
11 82 68
51 97 68
82 51 87
9 31 92
18 41 15
4 31 53
60 90 42
2 47 41
88 24 85
50 12 35
12 67 75
79 12 68
76 99 50
23 55 14
54 14 54
99 95 30
33 8 95
83 41 95
85 6 89
76 63 18
89 53 4
60 94 68
93 18 16
81 12 13
48 18 10
55 71 86
98 21 90
7 85 92
35 31 12
79 68 78
40 8 21
16 15 10
27 87 57
91 82 36
27 32 47
87 20 28
83 42 37
35 26 14
41 36 91
77 30 38
61 13 1
96 47 16
26 45 33
76 90 21
36 4 71
8 77 64
45 68 42
37 16 95
39 14 10
66 21 29
29 21 78
28 61 93
31 15 69
76 23 90
16 44 27
52 50 95
72 35 62
85 61 95
20 93 26
14 84 23
47 30 59
91 88 48
9 23 65
44 81 18
2 9 36
12 4 86
1 55 88
88 96 3
68 71 40
1 96 59
39 98 72
73 62 13
42 27 8
34 84 33
79 78 97
37 18 21
12 10 1
55 24 45
10 52 80
93 26 28
37 65 30
22 99 18
92 87 63
50 29 19
88 8 47
77 6 12
94 77 23
62 3 61
94 72 100
10 20 45
6 52 3
81 13 73
47 95 61
28 78 77
33 35 20
46 62 40
91 64 48
30 66 37
29 59 71
56 18 76
39 6 73
59 77 94
28 2 31
92 84 56
38 1 7
51 94 5
51 63 91
59 81 32
36 82 95
79 35 86
88 19 53
63 2 36
79 5 97
75 99 68
73 1 38
5 88 86
64 74 50
20 3 84
85 32 63
49 55 31
76 69 2
15 51 24
28 53 7
87 48 72
90 94 66
80 91 26
59 36 17
6 83 52
80 84 64
13 70 53
4 15 22
90 72 27
23 16 82
17 29 86
74 48 56
56 68 53
16 18 81
25 88 45
95 7 69
17 97 42
96 71 60
51 70 38
5 31 54
10 12 75
31 20 48
1 51 20
82 24 91
21 95 24
32 71 40
81 4 65
20 63 58
32 86 35
25 89 17
18 97 22
8 90 24
12 66 63
40 6 10
35 90 92
7 22 1
75 44 100
75 33 49
98 54 57
52 5 21
63 4 37
42 47 4
25 71 16
3 85 58
88 2 54
47 19 58
65 83 6
39 16 19
92 16 12
48 46 39
72 46 90
24 73 32
81 1 82
76 97 100
87 34 84
7 78 38
38 25 91
22 69 26
42 47 85
60 50 44
6 82 53
81 86 78
32 75 97
89 37 60
18 91 58
17 21 68
39 68 36
72 94 53
66 32 16
78 74 30
20 92 84
93 68 73
30 92 23
48 45 69
26 83 59
92 38 26
90 2 6
75 77 6
93 7 66
60 79 33
18 31 29
94 64 7
11 54 11
49 70 94
32 84 5
70 70 8
26 21 67
24 14 51
20 17 27
9 97 93
76 27 53
31 88 92
73 36 25
41 33 9
68 58 40
91 98 80
1 18 80
34 94 37
31 35 61
15 69 31
28 35 81
66 11 75
67 55 27
47 5 7
44 26 91
34 89 33
91 89 26
88 86 83
60 53 41
33 72 7
30 40 46
30 87 57
88 74 71
94 30 43
89 19 53
72 33 19
96 15 96
79 79 80
18 6 25
14 26 45
43 98 51
92 14 24
31 4 30
71 65 33
45 58 54
7 99 88
72 60 59
51 43 27
98 89 17
13 17 76
89 28 53
71 61 85
98 35 11
73 31 99
61 9 96
99 86 42
69 12 62
71 73 67
66 97 31
50 40 31
76 81 65
51 85 19
13 51 91
68 98 50
85 74 86
45 64 34
51 86 99
32 4 34
27 56 16
57 87 89
42 69 33
73 65 78
48 91 12
67 60 14
27 60 40
88 91 100
36 75 6
96 11 8
6 3 27
21 30 19
50 85 31
69 18 72
74 86 42
26 32 23
85 44 35
19 44 49
76 47 25
1 32 71
29 4 13
63 75 97
31 51 94
9 21 30
69 69 45
1 32 24
24 57 26
12 38 93
24 68 63
42 80 74
43 40 100
97 37 49
52 93 94
60 61 73
29 90 27
87 44 57
51 6 42
54 95 17
74 50 63
62 52 58
52 15 24
97 32 4
61 79 64
59 63 48
74 26 58
21 35 25
20 94 6
29 88 27
17 99 88
54 18 98
12 2 39
3 19 72
87 83 53
24 81 19
38 50 89
24 22 83
75 26 44
64 34 35
86 47 85
61 86 47
9 1 13
74 68 61
1 55 42
67 89 41
71 13 87
72 20 45
39 59 49
81 47 19
29 53 83
5 98 37
5 88 33
4 77 13
25 43 5
73 3 50
81 57 18
16 32 33
85 64 47
49 58 34
39 50 10
36 49 10
2 55 7
80 20 53
77 97 92
82 68 21
51 14 66
38 97 64
65 75 34
81 21 51
20 57 8
42 71 2
1 61 12
25 33 15
35 99 46
45 18 60
79 33 15
47 4 43
75 24 78
45 37 68
80 60 61
45 72 49
16 4 32
44 51 64
92 83 38
38 83 72
60 83 100
33 87 67
59 74 6
53 39 15
15 87 60
35 54 59
26 54 71
95 48 58
33 99 80
85 77 3
64 53 11
42 35 93
45 20 41
69 48 13
2 28 26
24 89 84
97 19 26
78 14 51
55 68 92
84 16 52
8 10 67
91 6 67
79 9 11
73 26 17
35 3 83
57 96 60
73 41 98
64 87 54
1 19 56
90 71 46
89 9 81
69 10 39
90 11 82
24 73 28
4 41 89
27 7 72
53 17 30
10 42 62
75 27 58
68 46 13
92 75 77
63 16 6
64 56 85
68 62 32
42 29 96
59 58 86
60 53 38
22 76 22
3 68 19
43 1 90
76 32 76
65 17 47
5 70 64
20 88 92
54 31 69
43 22 88
45 12 90
69 7 29
9 39 31
35 19 15
31 12 37
22 71 43
82 66 51
43 82 53
35 6 4
95 90 59
3 2 76
20 60 99
28 46 86
44 88 80
32 94 20
34 93 80
5 18 26
21 45 19
4 4 22
80 90 28
95 26 63
90 88 43
29 76 47
78 55 66
76 64 5
99 43 44
31 43 57
28 81 43
61 87 98
21 45 36
82 67 63
55 64 64
35 51 77
18 8 82
3 61 55
56 9 79
28 67 62
52 99 52
22 44 78
94 78 67
47 32 67
84 96 11
56 89 2
6 88 70
80 42 9
89 51 94
86 9 38
95 41 15
46 76 85
25 23 15
69 27 59
52 62 13
62 51 30
9 70 6
49 49 54
80 93 66
59 64 61
21 78 28
9 28 55
13 79 24
60 57 18
92 54 60
92 58 71
10 94 65
25 32 84
57 39 74
76 42 59
23 82 54
48 94 45
66 52 78
71 36 37
63 72 84
12 56 9
31 80 65
40 34 34
56 94 45
49 39 68
58 42 7
51 86 74
29 68 100
60 97 77
69 19 81
56 20 54
39 78 82
38 1 14
33 12 8
95 93 2
35 35 76
97 84 8
33 8 24
50 50 51
29 22 54
19 79 29
5 73 1
93 52 13
20 57 59
62 58 5
63 24 11
83 56 11
46 11 2
69 52 89
66 28 19
17 78 24
16 71 84
45 63 83
17 23 54
76 29 12
23 4 24
62 23 100
4 33 97
72 39 64
2 8 66
51 70 33
41 75 40
80 25 76
42 98 18
96 91 24
78 77 85
91 95 64
33 28 96
70 41 41
45 21 12
8 15 94
72 26 78
66 16 63
4 1 11
67 88 66
8 64 50
31 29 50
87 85 48
23 31 61
29 87 19
89 18 89
88 6 87
57 68 97
58 47 56
28 86 69
73 52 52
1 24 68
90 31 84
35 86 18
13 89 17
5 96 58
84 29 10
82 74 89
66 2 28
14 24 23
50 5 86
53 2 82
0
