5000
12370 15272
6448 2614
25331 8485
14581 3329
15008 27140
28069 16792
7888 20973
13859 7682
7637 26478
12971 30922
1115 13147
19572 11040
16931 21367
10602 16368
31941 4429
22694 12080
13798 4933
32265 30715
3213 29396
7181 2655
20050 15582
31394 31418
21952 16261
14562 12080
12379 11612
1394 26816
1549 19078
2471 26668
10111 1037
28068 19476
14599 12843
20047 32735
16788 6644
464 32111
11670 14668
2849 8852
5949 26259
5459 9621
20039 5825
27566 5283
19917 29731
29201 15319
4072 9246
2564 26612
13564 15493
29935 953
3785 15635
17221 21128
23497 14133
1348 15230
4786 21198
10447 20000
31497 30173
11727 9669
11638 13996
17558 94
31793 25003
22031 25203
15181 30067
13485 26872
21139 27804
18498 11716
24801 23125
14398 851
3928 15243
1819 11535
882 19803
22421 7067
13758 31433
25998 27160
14250 429
30994 2211
20664 18143
23220 21880
29097 1781
26734 14037
28169 22470
9208 16551
13616 32288
25681 15268
26353 5382
11197 24473
5318 16192
29547 28227
1188 9127
16994 26474
10744 1499
31629 23928
12410 8480
18423 15711
2168 15975
16303 28709
32156 23488
2544 25151
25383 15705
15359 20337
25153 11383
32563 2389
20837 30338
21602 20348
18188 17204
8442 10040
887 12563
19482 4619
12435 22665
28818 12375
3724 11629
26178 9449
3789 5360
3608 8891
4753 22645
24614 32356
3759 15703
25754 16418
18289 4274
17421 29109
24204 5130
5603 21703
4170 584
14639 28407
4434 29831
13867 29969
4896 11647
14297 2141
17176 23802
1497 21186
23419 21607
9899 8564
30964 9565
2553 30885
18828 16085
10806 2032
19198 25321
23114 14525
23181 27967
3482 15398
25333 10745
19031 15
23691 717
85 21790
938 17006
23601 17181
8166 2782
19783 20680
22052 26939
19140 12723
22040 26661
26558 23158
23548 19495
4103 4838
16536 8131
27909 18435
23567 1797
12905 5807
11593 29101
32180 6488
26443 6992
25411 29063
22642 17543
26180 19774
29283 14395
11279 31569
10205 17039
26 9577
27213 3096
8423 27724
7002 26090
29123 1897
10025 2916
3507 851
7869 25442
13092 1778
25646 28127
18109 22848
32211 31108
13785 5613
26213 9879
29775 354
2552 20364
11098 13437
13445 8941
16941 5476
28740 31819
22553 18452
11871 19533
6067 14163
9842 12418
2810 13971
3612 19660
801 23841
12872 3797
26377 30506
26341 336
17965 25593
12917 20558
27436 24743
14314 27078
15698 6028
32370 5348
8803 8108
32649 18944
8225 29088
32271 7274
2702 31679
12984 24879
4537 19928
28515 29458
26759 31652
31156 30467
8444 26926
16478 23027
6866 20301
11203 19275
5445 1683
24888 5362
19305 19357
5708 31066
8637 8924
15705 25009
29534 2555
9664 11934
5930 163
8062 4325
17197 32641
4107 13449
15300 12302
13677 28337
16298 29120
1163 28399
23017 8078
7131 22475
21639 15818
19938 11884
66 27196
17501 32318
8562 15005
2183 32396
4439 28131
20595 1256
25793 9260
20788 2502
6264 2454
9342 2262
17314 10531
23115 25930
25456 27534
15101 25193
29998 32614
22729 17615
13014 31207
5951 20538
10538 27832
22182 16738
3049 9884
25389 8100
14581 2517
11208 29483
32183 24106
24136 21530
22577 18571
5781 1200
15187 28664
19221 3063
29625 14835
14707 7167
13227 5956
25976 16716
29507 27631
15673 23558
31487 30105
17478 5831
28547 19546
11741 5344
8784 22545
32024 2202
21901 9546
15379 17595
3853 19237
4366 25724
31189 578
23377 2271
29227 3945
27023 30713
12251 2310
11614 22626
11507 2637
28829 19220
30349 7285
21945 3272
7899 11503
12547 10432
29640 10867
8244 5274
31864 11709
24332 30003
9680 29829
26805 30804
28850 20258
10907 14876
28273 19218
7113 18327
13264 25493
1795 6047
29640 32164
12557 26094
18801 17699
8244 10684
6370 27452
15527 22311
28206 27552
17416 22178
10263 31987
49 23103
4338 17576
410 16170
16332 32482
18512 27485
30616 18038
24230 13618
2340 28746
25518 7200
24197 18715
9089 23153
22712 14720
29257 31271
22577 7505
15843 15149
27157 28531
6141 25577
26507 27670
20816 29249
5579 24309
19582 10610
1180 16796
27393 15176
7611 28764
24680 31044
8154 10043
6819 21206
7368 32674
6317 22594
22705 22630
26210 23576
9903 1789
25382 12215
3355 10344
9004 10537
24878 16791
22486 17319
1198 26255
24272 21842
26216 2357
1037 32432
29761 18487
11202 13746
28897 31282
22777 3937
17567 29186
21463 3557
5532 12971
7698 28570
18024 19907
4082 25303
5689 20514
6859 12482
16687 27805
21202 19773
31298 20497
26449 26627
20733 11309
26009 30177
30937 24802
10722 22917
24175 29654
17924 29065
3474 21912
16349 12470
12776 9670
2926 11525
7999 620
29209 20734
32121 29871
19077 2394
18471 30245
27001 13384
21030 5736
31297 9247
8320 403
18803 31076
31882 22594
29243 17486
16856 4788
9839 6218
27977 4732
16550 25719
547 29246
14152 1540
2540 21142
31147 22194
10205 7399
25847 16927
30645 20424
8898 7481
24448 29301
977 32231
27777 28706
24 30255
27793 14741
18202 20083
20297 18305
18365 9483
32601 23029
7063 6388
23732 22752
20332 6488
961 4040
29242 20985
21411 16670
28607 19459
25639 31150
30880 29715
21948 3997
4022 29153
7121 2134
12069 28245
918 25701
5972 17798
26057 32710
28755 6467
10798 11341
19437 17025
20395 18866
15178 6185
17930 2358
9720 9819
12890 17741
27711 16971
8433 3587
5966 7894
25606 20985
17568 11611
24481 16852
12819 5794
6799 7031
4875 9001
2249 16778
24127 6149
24053 6437
22255 5033
21801 14247
28022 5422
31952 28157
27828 15505
17103 25179
28006 23139
8567 26084
1746 23177
1238 21857
30715 6052
19523 2637
17106 6066
6857 1108
28275 18059
11225 30159
24368 16875
25995 15234
6407 17908
742 12095
23521 20514
11855 16355
32550 20893
14732 9095
32485 4898
17505 29613
29334 22667
11649 16715
28955 10919
32238 22660
16172 10876
24024 6168
31806 10121
27531 20353
183 26115
4338 10341
4861 816
15851 19513
19745 21310
4024 20386
29630 19538
12144 15788
20825 2495
30830 28209
18148 14197
23464 22485
7200 18019
13772 16854
7396 15433
9800 5999
29049 3399
30795 17708
21188 31064
16617 17213
16523 17147
31271 20652
1193 9967
11295 23609
26054 21562
31557 25026
7391 5644
16845 18663
6858 15764
28587 30305
26108 24332
23825 24684
15001 10570
31293 24393
27296 11527
3695 24901
7454 30652
5938 13580
22625 25028
6496 20249
30334 27176
23316 13178
28426 32456
22807 14508
124 17875
22619 14957
12916 5900
1416 12500
5398 8308
13327 19023
21848 2690
18524 32244
10868 7048
9914 22086
10062 10844
26469 9370
1339 2014
16046 2212
12244 8513
8171 3055
6120 18573
3691 10510
19028 9924
15597 2402
27364 20183
23999 2880
2215 16972
30262 16621
29221 15030
9828 16191
6880 10634
3343 12283
11072 1429
15613 2623
23839 22479
30781 28087
28952 18425
5948 20312
25292 17466
15845 24071
22744 29142
20714 16249
13105 3773
4935 9564
23084 13916
26956 11948
18667 15992
30669 3316
30016 29646
23465 11004
5959 8547
29855 17453
26867 32548
3314 3991
26141 16843
24761 32316
13058 29496
6387 16543
4831 5637
10800 23619
18806 23687
11621 20125
23313 27128
17101 9263
10504 30946
18550 8116
8613 10640
16608 15095
19592 22901
20504 25643
24791 4154
7070 23881
4359 26605
12169 23359
20365 9625
2565 20857
31745 25203
22740 4421
3971 3318
23820 15822
12165 13393
1774 21168
27342 18508
29131 14041
21229 18448
14639 5363
1118 31265
17952 3837
3757 15362
21631 4299
8048 5520
3859 26552
8554 8046
9147 27234
26118 30986
3581 2272
12835 18707
14997 13078
612 2719
1173 13286
7835 8655
12449 12485
15673 9190
8544 530
9647 6950
20192 12369
20684 3996
4878 7861
31810 1176
17880 3040
23892 27301
846 20388
20987 15507
8944 32106
26565 4770
28940 13905
24753 25106
21659 18394
24269 5539
14058 19814
5869 9582
20210 737
8124 6637
8066 17989
29132 25132
25389 15439
10620 5223
10354 23396
1412 24947
1066 25679
27752 27655
16090 17067
6975 23871
29078 8319
17662 26345
31135 23071
24666 17543
8854 19473
18895 5508
3896 7433
32003 15292
14125 22776
27410 24281
86 9328
15942 32123
12616 24774
28412 6465
23601 1012
24082 18133
28509 7128
8223 16146
4536 13852
30182 6643
19797 10149
20847 12297
2794 3798
23041 29204
3276 14781
6541 28134
5897 21605
10121 23224
14168 5192
16614 28667
676 14498
29125 24669
26769 16117
15194 26078
32683 1465
968 7585
28548 11592
21774 2720
22716 14832
2749 30958
15381 7324
15480 5516
15287 10045
14738 3736
25328 18582
9818 28268
16132 1956
16037 9633
28624 23777
30626 22494
12653 18385
6357 12
31339 7008
11890 17024
7102 8369
4561 15147
1969 30206
20325 11612
31255 20171
31611 12002
4345 9446
11529 29232
8884 22148
11014 9209
15313 32611
12396 6141
31166 11516
29088 19870
1184 26753
28698 2005
7647 28343
19483 31021
6035 6197
23916 7330
8306 2489
16569 18576
24336 809
13070 5475
28257 6639
13375 25560
13617 5388
11608 25948
30078 29917
6874 22219
2702 7262
27084 14949
30057 8399
290 12595
13546 17082
20193 25905
9268 17846
13950 3916
27457 25750
8549 32757
6540 9984
28810 22925
4775 19712
28073 18299
12962 25289
5260 3217
29657 23693
15895 20669
9301 20258
5414 5455
21887 15066
18852 14505
16390 23385
17289 11051
22829 5527
13632 27673
25911 26938
15035 8121
6501 11486
16168 27871
7598 737
1440 21791
23651 19357
7806 31345
17959 29166
8393 1366
2655 21994
27257 22661
29830 14230
27750 28711
26188 7946
21396 16614
17391 30364
24325 5083
17306 31201
18261 1711
23722 10596
10954 9994
3445 27766
17348 16454
22330 1466
32750 18451
7855 26237
5784 30604
11869 29004
24186 10846
32612 12004
24038 27956
8101 29658
1554 4219
14299 28599
31980 2291
10367 25811
29325 24633
19807 15548
19690 294
28061 13779
14492 518
8232 31910
5143 14357
21985 13516
11083 28177
6911 18123
29803 488
23431 24584
2459 28267
998 26774
17060 29885
29943 28786
16297 8387
18027 8366
17949 30228
32329 3152
26439 4551
11818 21374
10390 5238
10113 4237
4770 30411
14947 18118
22382 9265
12913 29432
7413 9852
23684 18014
9086 27468
30315 30244
6653 29014
22266 23187
10778 18349
20974 5629
23072 4624
23161 32226
28593 18555
32264 276
14004 13989
8754 12675
32213 18052
26429 30205
30490 27281
9127 8321
26069 18441
25568 22784
28739 21944
25306 23746
8740 9728
21918 12169
23649 5357
25215 10711
9758 13795
14282 16765
27233 17762
25794 29207
28340 11047
31403 13303
23489 7015
8318 18524
15573 24681
1623 22243
21029 26816
6191 27130
12521 3627
6335 25872
4167 8881
32632 10533
4185 15038
24401 23428
12966 15957
31072 13082
13510 22294
16969 24671
31723 32532
24337 7978
11469 118
28199 29252
29490 5584
10412 9616
29770 28549
20087 30858
16888 13240
5605 11691
19566 29768
10827 8573
12712 9196
24596 1758
1222 19927
3458 10950
26129 11350
32585 20859
16460 837
31252 22247
10756 19284
24193 28830
10799 4381
29212 17056
20142 7016
27772 12180
23347 26726
470 17711
2149 9617
23497 31128
13250 927
6676 21769
21440 4180
14184 25596
5247 15230
28866 9885
30466 14976
18602 13887
7168 18384
4298 2926
16178 6180
27620 23596
7294 10037
27230 15281
30236 8505
28961 13163
7010 28820
1194 15150
31695 8017
6184 11869
32611 7098
10749 18321
30858 7750
11355 29148
1932 22911
27194 11994
2780 8124
16300 20753
12479 15266
26413 5098
8157 7787
15915 20662
240 12984
24832 30865
6377 7505
20618 16700
5430 25651
14377 5506
31314 15958
21247 22133
18240 7036
12550 1910
2378 29358
18120 18458
22973 14221
12788 16410
8457 412
29468 15247
32598 30812
4136 1643
2895 5865
15237 16499
5434 9851
29387 32560
14543 16233
2569 22398
19469 16016
1269 27577
21485 20665
16535 29352
28363 7316
27650 6187
30020 22876
7180 24200
1573 19082
11866 150
27750 5408
10273 3777
28201 20569
8360 9732
29998 9023
4147 10644
1613 187
6020 28395
16437 4567
20026 1667
25213 31640
5446 1404
2265 29062
23064 4191
12637 530
11638 20228
31169 6054
1856 7758
30867 14281
20350 29325
15066 8028
24018 29371
3152 1098
21420 25396
24306 27865
17181 21934
24899 22465
27840 9141
9831 19118
1181 32304
13578 2099
3831 636
4313 20984
24939 104
12845 11011
4414 5287
25338 22223
30747 31944
16645 24269
32250 28747
27285 27980
21119 10900
19269 31681
4570 31907
27868 18293
14455 8623
7904 2120
25448 31040
20453 5040
17289 6052
20720 31875
31439 2298
16978 25164
12211 29692
10139 26987
12290 15576
23195 30641
14313 32696
20959 6229
21933 22952
27474 22745
4118 28846
22471 30576
27605 23629
14617 14772
16461 12952
28230 16238
19280 22491
919 336
17480 253
25629 28800
12997 21233
7894 8773
17908 19612
9669 13601
20802 16243
4567 12107
4705 22627
13306 30173
18604 10194
21211 27693
2255 15662
6516 26892
902 15699
14131 23378
5958 14528
32099 12582
22264 27378
5974 30008
14694 11975
11072 30786
10457 300
24141 16284
238 4141
2618 8875
2647 17240
12561 10761
2000 23205
13732 8191
5732 29242
10259 9074
22766 29187
20096 31451
20700 1993
766 15370
15614 13825
7638 27070
7417 12343
21282 30418
18487 20357
10618 6225
32036 11471
7998 24933
5529 20907
19904 30358
8298 28193
28238 26936
22190 17566
25980 8762
28213 5192
1116 14035
4541 18247
22585 12077
18538 10584
10648 2920
28059 8089
14256 7250
6647 31188
29807 6024
27930 29641
21086 20347
23121 28147
17979 32589
20152 15961
27799 7357
13513 19175
32423 31369
21988 3578
32738 25748
4773 24691
31125 22246
6461 3238
25754 2969
1006 2422
12121 12986
11504 7193
18407 25837
25479 21711
31220 16301
18717 11830
8694 28042
14700 14798
8300 31617
3638 29857
12104 26754
19804 26214
13911 1929
27759 23221
16650 19542
580 28528
20642 13453
17339 2982
25325 25638
14265 26749
20971 28914
11837 5259
24497 5460
18881 30235
777 25820
30894 21008
13700 19321
23074 11549
28439 10141
5934 9386
27681 17623
17282 17690
17472 26004
20903 8069
7778 9704
16642 24126
32182 19818
28894 18016
14204 16277
22342 1481
989 28693
1424 19088
28007 32751
7518 2168
11005 18383
9618 26630
12789 18643
9608 27
32290 217
28814 23203
8752 20634
23886 17467
21447 24507
8824 32247
25196 15975
12722 12037
30249 19834
3157 18956
4005 3528
9380 28462
22543 24273
25241 21318
7330 22629
31989 17551
24525 31209
8330 19709
5804 1458
23013 3926
15084 5923
6558 2674
23606 21782
515 28631
32720 8128
16663 18902
24665 11766
23775 10306
27704 3236
4757 2358
20307 28674
25466 26245
3931 23800
17553 27421
26452 25326
31690 25756
18905 20661
2608 26845
16671 26741
28651 27562
28977 29430
26799 32051
19750 31104
20150 2378
7512 25611
20865 24090
5675 13031
29553 32749
22944 26353
28660 15760
25060 30654
23953 6021
24540 27158
23743 28284
18948 25471
19153 14038
18077 10711
9710 32624
26001 23173
24718 4651
22196 1325
16553 10042
20088 31063
6340 4152
4994 24212
27267 11633
8454 22613
17730 214
26856 10601
12621 4099
29008 5997
28085 20999
14507 30887
28215 24728
21214 20856
28683 23439
4200 3170
24193 10252
21270 9906
3551 21797
3587 23783
24603 10605
2610 28964
8612 2193
17885 15856
19640 25359
31835 24238
29996 16498
15109 23862
18861 24451
29860 23538
21608 31319
16324 1908
10286 3098
13661 1532
21163 23208
14410 25991
26960 28560
19579 2264
12658 14711
14366 19163
22706 5347
28595 31493
22892 16896
3073 23169
14017 8673
144 4229
25085 20135
29291 22500
32656 24238
8040 23059
22072 10385
8919 15288
23958 2678
11434 24171
32295 20083
19335 20834
23915 22293
10381 11602
6254 2594
20267 12253
6354 4480
13022 28211
27373 26799
7403 23456
9213 5066
13483 24299
12024 17164
9954 29387
5071 27959
29825 13191
9407 12127
1565 13422
5028 6196
670 22189
10566 19721
4663 7078
5797 19005
29296 25184
26718 8882
11175 13932
25707 7520
7305 22343
19983 19810
22647 1087
21173 18014
21977 10593
25252 30458
16683 12307
19862 15586
31885 12957
11050 7717
17768 721
32032 28595
23285 29446
8928 5209
4921 31905
29654 3038
26176 8493
30750 5778
6772 31968
18029 10309
16644 31073
18540 17053
25125 2067
14126 17643
28051 22376
3906 31868
26807 18577
1782 155
12275 30669
25447 20060
21844 4229
7860 3203
807 19768
19966 32098
14085 32664
3364 10041
29463 15845
24642 1129
18364 6549
30250 28840
11879 12281
14909 3153
31976 12785
1256 19007
23229 15365
2023 5263
27610 7187
10944 5559
26419 29803
8008 31693
4697 21477
28352 24063
18897 23520
25928 8673
30475 28861
12215 7908
13594 9119
20457 23903
6868 29858
12134 31967
12871 28267
28833 16502
7777 14461
10970 2380
14137 18687
1847 48
3830 26858
16212 4906
14615 31450
2227 11816
29280 6490
19657 17694
18456 4652
14223 103
17297 15849
27303 7984
15973 24559
6805 3181
882 18070
32164 18699
30917 21096
647 6330
23587 3439
5021 14171
20433 8089
25153 13352
1363 16860
7664 5055
31173 7955
19 29423
31426 17098
7200 8873
1406 8543
28287 17135
14371 13934
14563 7459
8766 29775
21659 23688
9552 18580
32684 10399
11018 14481
17209 12876
18297 27936
18843 4963
14209 27063
6506 20456
2403 5891
9586 20667
3700 14319
8719 14985
822 17133
31209 5937
1511 6970
24505 11932
21299 16289
6229 11761
2284 18256
10892 32680
23139 7044
9625 10768
18424 32175
20434 8158
32405 31566
25711 16537
10578 5625
84 12329
22717 15497
13053 28181
16391 32599
9691 11434
20530 19978
14983 14606
16275 21542
846 25606
19744 7410
1550 10133
21941 7739
14349 10524
19137 1639
11473 23732
31689 23920
24947 21636
16944 32058
6528 29956
11609 3461
7292 19964
20583 4906
24997 13875
14535 10017
22199 30788
24061 16816
12232 18626
14911 28421
28439 7515
8729 2473
32107 31122
2515 21851
16686 13492
5085 4702
4506 3607
24204 15693
16708 15292
22969 27175
3525 24339
26852 2210
15702 8542
17826 29070
18289 28830
31629 25891
11956 4531
22023 28029
586 14236
15354 22586
6298 26236
9651 22254
18344 24127
11019 31352
21411 3320
21265 12088
16014 21068
32690 9622
6102 444
13422 12265
13415 23372
30986 4648
13227 31777
5851 32136
32225 17211
17706 11154
9581 12367
17407 2226
1784 26085
18461 17914
3865 506
9441 32316
17754 25048
3523 16710
10497 2184
6547 674
8371 27728
28020 11379
22568 27245
16190 3255
89 13091
1162 31438
31809 7607
1355 26935
4061 8402
2632 11684
9444 11338
28165 14358
17876 10171
9663 23385
27377 5823
661 14250
13655 5582
25643 21434
23978 6965
12108 20557
25628 2293
3692 25567
9668 1916
5498 31665
31627 1071
12918 8509
31402 25540
13179 7924
18713 10627
28298 24951
27114 19311
18028 22554
10813 16084
11709 27468
17761 19250
71 24066
22883 31851
5923 228
26839 12542
32263 21018
2605 13468
19028 26815
29081 6034
20582 8568
30196 26254
30300 6297
6315 26679
26322 15292
7181 1115
26157 7105
26912 6275
23248 3957
10694 6957
9381 30627
29270 3528
6916 15970
27816 998
18514 13847
7108 19790
13317 5556
17218 26418
21782 2354
24241 19290
13780 28479
17900 23701
26373 25297
22256 24223
29344 10499
31773 10109
24921 26312
8782 24905
13181 10290
3064 19474
21197 13224
8261 11206
7665 29712
21608 30616
21333 11104
13721 4369
14951 3945
28070 12434
25849 31387
1890 22439
22029 27706
20081 25156
16873 3320
14545 17140
24810 29707
28172 2970
24132 25283
20744 14544
26769 28134
30635 15317
19808 19067
28097 26372
25726 4073
13102 28000
2157 16956
11595 5545
12471 1240
23135 23698
32431 5595
10824 20746
21850 8799
19235 27699
6992 12273
19612 29317
9300 2772
18138 1110
30958 11343
22750 20383
12251 29963
28368 23662
18099 24783
11614 4837
16542 30088
14941 27251
5403 13286
2581 13594
14960 20933
30037 12394
8129 21048
21898 5055
9855 25382
14148 2170
31856 13636
20930 29352
805 19341
30802 27954
19229 4268
23208 24691
21667 22062
4824 4605
1241 18702
20569 11197
10555 30214
12934 28563
20633 31373
17308 700
12345 27666
32406 5206
8068 8151
31161 27430
20681 4914
7990 20798
28642 30450
15823 11655
15116 21816
6883 10960
8318 9146
3587 443
9862 14324
27666 25696
13187 8218
12111 2580
30049 26449
3671 11897
27366 30936
28781 20788
20660 3746
26839 14358
1452 29147
31813 22564
2872 16398
18643 8980
12211 14992
21530 19184
12145 13214
12785 11800
7289 7097
30928 10519
16183 23643
22360 26388
9300 14525
861 2655
1902 14148
10604 12359
32208 19747
9058 13302
29912 10329
11435 9576
734 23377
13139 10687
15847 29332
577 6007
843 24065
12231 4228
27236 3009
10933 8717
7130 3608
26984 29064
24714 13874
11456 10478
6725 27185
18355 10353
23966 12864
11594 13564
23584 1602
858 13779
521 19414
3349 22395
1844 17865
7034 8509
19330 4753
25314 8073
10730 11415
15948 9275
1374 27733
21443 31069
28106 15074
14257 7195
8771 6175
27982 9897
14199 31991
19822 20347
15409 24883
22208 7139
317 6546
20495 26369
15975 19305
27602 5049
31950 29869
19117 10042
6299 24046
23923 11154
11113 20074
15289 31191
5436 13593
23275 6822
14510 13579
20736 30256
26183 20783
5597 29818
9175 21709
2419 11170
28564 18345
20696 10063
32360 25312
20799 15328
2459 19582
11808 28266
19531 32708
10395 9687
23801 1099
30504 28870
17044 1578
12695 27681
11836 32713
5767 18473
32427 11735
17197 22224
11453 21328
23641 18478
833 20021
24960 16593
18634 26487
31268 10555
5206 16492
18703 31455
29091 10394
1427 18933
20987 5652
22818 32201
7670 28991
3344 14741
6446 20868
21839 16789
6487 29176
3306 4556
31017 22172
31961 4580
9224 1402
27202 5138
31396 28758
12636 630
22758 22616
3862 25715
7260 4282
28360 30595
16390 29546
14085 1503
23174 8576
13505 4397
4315 13339
15766 27965
13241 10662
30781 12945
13245 16045
28469 3503
21741 7950
15036 25487
403 29937
1087 7884
28502 29675
22157 17658
17355 8132
23317 15112
1153 9746
4275 16858
17669 18209
24244 21745
3092 31411
18593 30886
5535 13466
10585 2290
15021 2627
17192 27286
13292 29599
15517 11453
8871 20353
23015 1609
6215 7006
16745 32148
31120 12780
5719 14882
3799 20865
31237 27714
28859 6877
20001 4484
3611 29406
18968 7385
14681 2847
6956 13427
7101 13167
2488 24787
10123 4805
27058 21376
26518 28031
27488 6743
6451 22430
14797 942
23214 31221
24157 7565
24640 21143
32416 18308
16117 1394
11089 13839
23591 12329
31804 18451
31294 9007
16805 4380
3066 28056
23464 20357
1061 23639
21085 27082
18733 3529
15671 17482
30892 30607
21336 25110
9961 20768
9692 642
30578 23307
13030 29855
14381 2468
5131 14423
27154 1988
7990 19618
10023 26566
27696 26795
13383 23930
21338 862
22451 16166
5173 10891
26044 7368
26061 4739
2256 17308
304 22580
15537 3367
15988 29417
13250 9089
13314 28031
20335 16926
32498 9796
23230 13525
25809 29238
27777 27302
21271 16149
10214 22099
6785 14528
23206 6866
31592 24657
31726 21961
26114 10382
16253 6324
9016 6356
6926 32415
3066 10375
25139 23127
26982 30262
963 26704
25086 4660
4878 26576
4733 11854
18520 32551
26107 25006
9452 27221
7738 22920
2957 28414
20544 3309
1438 3236
8721 241
1380 6676
15216 21928
7026 7366
24017 25534
27193 18681
6976 3165
18879 30275
8113 11345
13347 28767
8077 5525
13275 29664
24482 6514
16888 21873
7620 13778
16036 20186
22316 17066
2192 977
4534 7802
20713 15398
19237 22762
15229 5627
25752 15735
17515 32274
18182 2886
11612 19622
14867 16264
21253 18772
14792 13665
24294 17792
32108 9536
1012 24653
30349 14893
18434 11078
6281 11764
4113 28283
3273 30934
9571 30158
3568 8398
15183 16910
29131 22766
21818 16758
30556 31920
19885 32477
24690 25649
22697 4233
30032 3452
16467 32681
3442 30208
5785 20375
23831 4820
24612 14664
32074 3591
25612 26082
16282 5224
22689 2122
17677 25676
20073 16083
26475 18036
10642 7810
8905 20623
19218 32011
3197 29776
10182 16530
31912 15250
18179 24172
11314 7026
5718 1345
271 16869
15157 19142
25049 12073
10605 334
32018 16036
29342 11636
29499 22151
28436 25485
11126 27397
10089 2413
29815 23594
31568 5558
6725 5213
9877 5289
26947 21863
7566 5352
11919 30396
7582 10058
31947 32610
23860 3078
32111 3709
10652 11558
16624 11653
16417 18251
22639 2441
30838 31976
12151 10668
17455 14265
4936 6055
21622 11420
81 22797
26670 30096
22043 15949
13076 3946
16245 30656
22554 10833
30522 22064
30825 9251
28685 25089
1072 6801
15679 14070
3308 27914
19626 26523
7464 16758
24033 11396
2632 6802
28054 26626
21072 11765
20254 599
1091 20311
24063 29337
20584 16410
22545 29468
487 9120
31288 29241
5673 18717
22179 3421
3147 5127
13121 17360
8337 23833
20895 8326
8243 2075
7597 32026
20836 1225
32280 14206
26152 18331
32405 28052
16137 1764
21668 19782
18925 984
19362 9199
14445 24807
1160 9224
986 6664
13838 17368
4954 24979
6114 22991
13773 22984
22590 623
32150 19138
2289 10076
1734 17519
17114 15807
10262 9879
20671 9469
31442 32482
29512 16239
4993 3436
4296 27270
14094 27288
18222 3073
10341 3644
18261 15738
27532 30963
31806 4253
13871 19443
8603 13070
12737 32304
14645 23623
3618 10420
1817 26133
27743 31203
2408 1031
8258 7247
27686 1777
10044 27996
10805 12321
20239 7438
9984 30738
14420 31602
17457 5820
27595 21111
6851 19151
5349 23403
17172 24344
12614 18137
7637 5253
19030 11713
2215 28260
26927 19201
30735 27381
19814 1222
1180 9154
107 6421
13237 14240
19345 11431
2620 23417
608 30348
14797 28325
32494 12235
24140 16476
4065 12538
25597 25653
6997 369
22088 18725
26989 14882
11452 25580
6495 2310
29572 1732
18144 30851
10755 24666
20315 18058
25328 22760
31430 18686
8784 25535
25494 10929
4999 4316
7954 31704
32166 12161
20469 12682
13658 22182
29466 27815
22228 20326
27658 28230
11718 29839
5286 6513
2410 9509
32446 14549
25697 17247
22782 13765
904 19624
17055 8790
32289 22845
4369 13207
1748 17194
3216 8993
10544 5767
15204 5720
3825 2355
6135 14274
14691 5434
12604 22288
26903 26169
27093 31910
14624 8175
12308 32066
2453 29387
26549 17505
19210 29965
28595 6997
12032 31983
5983 21315
30724 11478
2673 8464
12775 6298
21971 615
1927 31101
9949 13025
23413 16943
79 3823
23773 8074
27350 20162
9691 2064
30013 31586
7850 11202
24049 19771
14255 27484
16213 17686
31763 19236
13827 10565
681 6313
13273 24567
4543 1293
31945 13561
27918 9743
7221 24279
7671 6858
28136 9843
8601 13071
11915 22196
6316 7374
25262 22068
16694 20506
29839 22465
28973 1524
14831 24731
7326 6152
16410 32114
18575 25933
25786 21087
27634 16784
9328 17261
18513 3514
22554 22773
15032 3986
10170 32127
26476 1820
27016 11431
11867 30376
4467 21696
27798 24807
25277 3466
18893 27273
19016 13695
22578 16003
17191 32379
10621 26555
24124 3127
8927 778
7181 8582
1082 10838
25260 9721
13140 23177
20419 13321
25433 30950
31551 31572
4099 15556
10462 19578
27720 28267
13620 15729
14553 9744
18926 18065
13645 27015
32376 26872
29712 32296
12512 24690
9194 27523
27624 31249
7906 6102
7296 8269
31612 10086
11629 2152
17458 13778
6461 19990
26136 5576
21903 25049
4927 31960
26584 18107
19504 32539
7876 25263
6908 19001
25674 24330
4094 3952
7403 4354
27942 14569
26344 17572
2916 15589
3249 31368
29432 27062
4416 31108
21895 28276
31837 11960
4488 450
22337 16016
258 1981
9295 26447
536 13041
5351 6071
18735 10676
325 19919
27109 28749
15453 2671
9178 32373
27663 14002
12647 8997
24826 19147
29744 7128
16582 22659
29669 4902
2199 25320
21665 4976
24655 13073
26416 17707
10876 26413
24131 27162
30029 16146
16203 9388
20267 30724
29680 27377
1469 4079
10442 24593
10314 19985
6284 25929
17384 26640
4724 16359
25013 7230
25970 18385
786 31750
17363 22070
18291 12643
27354 26921
7609 2189
24743 31543
8403 5841
10019 31276
2370 11504
22075 16507
15166 28356
11125 7036
29366 21972
1829 2852
18301 6546
24170 3039
2646 92
21664 12513
21141 27125
19218 24523
15378 9298
13325 24310
27299 5554
18820 15127
14205 1692
17805 20896
15926 30911
30402 10973
14893 9678
20525 31794
32515 10433
12085 29555
16953 19972
23887 5364
22188 1701
19052 30714
18066 30474
23951 9462
30601 21919
661 24285
2676 23025
15282 10545
26143 19589
6540 24916
484 29674
11358 16912
14657 20181
24607 6405
24709 10568
18319 4302
106 16098
24336 32070
1355 7902
11291 3594
11260 27139
5694 25522
12332 11646
20810 22570
31615 23789
14238 19163
21350 25362
18029 3314
7888 21927
28146 31228
610 14978
30795 12243
13536 12
10166 8814
5541 5423
15104 16685
19159 18333
21470 9320
12509 24711
1774 915
27868 30741
29644 10249
3725 7642
18854 4527
11860 14313
1972 12137
29676 15287
13847 18743
18032 30948
16901 22585
16961 17330
4993 17738
10755 5384
22679 27235
19557 27065
5439 5676
9352 19978
6939 164
6305 32151
13912 7307
29167 8726
6220 13196
18015 2855
29485 26106
19948 28948
17852 28984
17408 380
3008 29093
25762 18707
9439 8807
12723 31457
21546 19814
15674 15586
9680 23741
19634 10315
30484 19871
9857 28463
22491 31255
24790 857
31305 29425
14348 6463
903 28186
3507 5015
23015 30880
29712 15979
8022 29409
29321 29256
28318 10128
20635 4762
21676 21194
6346 29142
2328 9985
13186 10447
16217 25267
18889 12443
11653 24717
362 18910
21388 28984
1862 476
20963 26570
21798 12827
25087 6237
11262 24283
26859 18320
31487 24433
4988 850
14025 7278
6871 28456
30994 411
29091 21123
25958 6586
29995 9295
10354 21059
27304 22096
26135 3842
3396 20273
12683 4168
27435 29881
32214 24705
32506 25740
22192 4206
19919 20556
12042 289
22275 18178
15112 19777
26974 16919
22257 13575
26017 15954
15189 10420
23667 31652
18513 28834
29611 24679
26816 10457
31557 24086
9527 3640
5977 8001
13562 21566
4794 25808
20092 6917
14989 12760
4251 27554
20611 26395
22346 3387
14294 31216
18610 408
17328 15251
9887 25754
9479 32699
25750 17285
16751 17455
13308 25583
11781 517
21280 4575
3749 8624
11688 4211
26054 21510
18313 7597
22112 5366
8399 12927
20806 11498
12130 21929
3656 31644
21845 10644
6194 24754
19604 12655
24656 1071
6848 3371
20256 6016
29802 15371
13929 4642
22358 9050
30683 20139
18260 913
27279 26089
6200 12244
21308 3205
30655 28444
18243 9465
30320 17368
9589 6145
28710 18833
15333 2335
1543 3254
9002 2141
4406 12747
2006 12295
22343 23402
28993 22676
28623 20281
19680 130
18245 30598
9627 7461
23235 16070
25456 22724
17355 24797
27704 26550
8250 7310
29815 28820
27065 27126
3917 5363
31008 6913
23374 30273
26294 27882
13326 26021
30118 5828
14889 15625
14658 21217
24125 13766
2004 27223
30838 19604
16484 5778
16619 20494
406 234
14334 9380
22839 30593
27764 28965
13566 17281
27707 2089
25089 5174
10789 21155
13567 32607
18608 30381
28633 14787
12519 23855
8002 10954
22033 8227
31565 781
6123 30276
21048 22099
27421 19626
17598 26405
31579 21585
19634 10659
16787 24630
2883 22602
19521 17560
14062 13730
2720 15625
13876 23535
25592 13064
19343 2574
19247 31273
25567 5664
6930 29384
28238 29430
3313 8590
18035 1155
18788 28071
27567 7941
20834 7110
13945 9344
25036 30602
17892 19265
19021 4631
8700 19013
15625 422
28940 10125
29079 10848
11579 12890
19795 27953
24834 6551
9706 6478
18233 17790
20377 5136
3470 5588
23335 23460
20558 25298
2432 11256
8802 24656
11184 12138
17633 31139
9857 21465
368 12541
5666 16495
6768 13534
3406 23369
4113 24055
26928 31424
4026 18719
25267 12944
5819 11976
7071 2939
19965 16088
3554 24934
16873 26812
30792 15961
32670 153
6371 23168
868 26132
31642 29521
14770 9870
22928 18192
7865 6210
25731 29678
28362 942
14018 16318
22653 1983
697 10474
8692 6044
182 2938
20058 17644
8250 19585
13878 22536
4585 10124
32294 1057
20013 8521
11767 11964
25798 20059
19749 13698
21291 11000
20212 15623
15534 23534
9081 27984
6041 27179
5727 29524
22015 23181
10775 11544
3337 6025
11485 21896
1901 14750
7434 23200
7507 30268
14962 821
22429 24412
13657 25772
3364 13555
22912 27663
21024 15087
12495 15754
29973 8862
6703 15135
12355 316
10441 21736
28490 16644
23637 23633
11123 23473
24344 8740
21431 8467
32407 17324
22303 29093
7668 26510
26922 16403
28272 25094
6660 1114
7715 29909
11222 11480
5036 1653
6004 19710
10618 13094
28152 31444
26374 3981
2123 20215
17653 25986
743 1731
16239 14240
25156 28373
31473 13627
2086 10678
3807 4784
10574 12447
3956 2747
5548 13541
19717 8452
25692 2174
26161 31379
13035 16134
21833 16804
9608 20863
15764 26647
10417 60
24872 297
25994 26634
13941 964
12330 10610
8949 21608
1868 30580
15096 23002
11954 19179
16010 12147
25457 18460
4901 13319
13484 20881
13984 23552
8807 20534
28787 7341
23931 481
1726 7431
4466 24988
19092 21599
17396 75
4912 321
29285 11619
25801 23772
7852 20397
3195 8848
31482 13694
16189 9746
21703 9965
23046 25505
27617 24593
30544 6415
14248 10980
23633 1579
30487 2475
9021 12906
27513 24039
23006 10826
8696 31822
11459 27156
19068 12318
16784 6201
13325 31216
19818 17775
29404 25323
24269 5017
30160 28000
10199 30480
4933 26474
17424 21583
22599 24030
17913 17268
15186 28501
24533 7410
11431 7939
10094 19733
6905 25195
23569 25751
23018 11658
20139 5619
25785 16511
1702 27713
5294 31747
22763 6593
16038 24764
7332 2658
5866 3983
24856 175
3626 266
12544 22121
6198 20013
14339 27195
11927 25237
14117 21549
21047 5355
15957 8395
7625 27627
9860 1498
30367 11132
17289 16643
18466 13316
28144 29564
17908 19610
7468 10012
12610 30937
25036 27052
8544 19027
5860 21585
25760 10518
26329 12737
8906 32108
30774 32251
27225 23427
29772 6101
23747 16424
23782 32601
7182 32399
12429 26280
7327 20861
19951 19789
32239 20891
20745 18133
24534 188
13169 16203
1916 7926
1477 23206
618 5195
23342 29676
15970 14667
31006 16931
27861 12046
16155 8514
23468 16330
22627 22066
262 3859
1795 31520
24107 5265
22409 21439
508 2011
5564 7238
11114 11045
1308 21684
21360 2067
27860 13581
31325 17531
19287 21314
3495 27829
13015 9660
18260 11107
10657 20805
5119 7468
25133 459
9723 32146
29346 15805
13975 3553
22052 19650
6112 30392
6304 5912
1935 9050
28459 3900
6570 25976
28151 17174
10455 20039
19004 27510
20718 22346
20205 16223
21587 7031
19647 15032
14885 2506
567 17892
3900 5542
11537 19466
15181 22221
19401 26717
26754 15605
4846 15534
358 5448
26024 7849
10975 26764
14248 569
22419 26745
14244 28406
1010 25412
31355 28722
22320 9335
1737 4549
6984 21045
25279 31394
5003 14218
30574 7850
15044 30090
6318 20257
24296 11937
31920 28639
18018 16139
6203 19122
5690 3576
16423 20895
9017 18909
8896 18762
18496 15979
14217 6551
5665 8154
31881 30635
1801 2471
5726 725
7745 24448
1837 28020
32688 7777
21979 1862
18553 10887
29603 30873
15915 22982
22166 5521
17066 3790
22980 6627
20913 18729
9558 3687
10534 24377
24534 8929
1804 30853
21810 15807
8249 31492
3049 30819
3963 9810
3528 30345
20133 5255
1557 7905
7958 17973
8589 1475
30276 26960
23929 28992
7992 10851
21445 3736
6067 7782
2624 20254
3318 4151
10166 657
3414 32375
29138 30253
18012 26604
20631 28584
7536 6104
8230 3016
23419 25725
11964 7209
11949 2116
3431 17123
8171 3741
9828 15685
24655 2691
10282 4714
24172 3026
9793 28063
23891 16622
3580 25443
31661 15926
6817 2647
4819 10845
4180 26368
15731 14032
5103 11047
24796 20482
2637 4133
11398 11462
5503 31124
30029 5598
23672 29473
17632 1768
19996 600
27777 12337
12515 13164
18006 26681
3964 4134
15200 24765
21351 24487
11826 7572
9358 9871
26264 30567
27540 31769
20182 31519
3696 8242
19399 27996
15670 8367
26434 10167
13542 19494
29547 15285
12020 20520
479 30997
25555 1125
12568 1525
14988 8032
14661 450
8608 25990
19718 16726
900 227
22032 9154
9803 21054
7166 16459
2780 25590
2629 10767
22098 10874
4460 20519
23731 7221
27436 32736
24630 467
1359 2240
12072 2692
25054 5571
11319 23224
6117 19155
21500 12528
13173 18896
5677 4974
11294 16402
16915 8233
4537 6256
9350 12858
1414 27325
24289 3072
23342 31829
23687 9477
14355 21223
10240 17650
10860 7353
1264 677
4434 18843
16975 21495
22141 21699
20246 25523
3208 10874
18424 27543
23796 25060
30309 5071
27322 22120
29571 17684
2882 16505
8514 17920
15215 15285
13654 5544
7212 3129
26117 2665
19733 5951
17677 22117
19692 835
11171 9684
9072 1673
24220 22386
25570 7023
24865 2025
14781 5920
27669 19666
14435 15723
2607 11533
9568 1134
20835 13524
31840 9045
13204 18317
10849 2977
7731 8677
10396 507
10872 14776
29536 26840
6133 16948
30165 13687
3988 8306
12628 27202
1226 8100
23011 981
1161 29689
28655 23757
8293 27184
2450 32344
24581 31536
22420 28149
22907 30509
1307 18987
14796 29997
830 32148
28563 23303
506 12526
7768 12689
21986 16347
22362 12161
30784 20778
654 11692
30925 18132
264 16913
25972 16893
314 11177
32017 19687
1709 28620
28016 2712
5638 25211
14961 20227
1707 18128
30155 4227
27653 19826
16453 26726
32472 8231
26929 1174
24055 11461
10971 25380
27904 5384
5202 31903
14642 8809
24276 28136
30605 16247
18623 2045
17014 23231
20216 2879
15853 20429
849 31274
9261 24765
711 5727
22395 20223
10831 8143
16309 14130
1146 10425
9495 29462
3078 17757
4502 21843
22263 4747
790 21493
8781 24086
4916 15788
27097 15898
3182 2565
19236 7295
17824 20469
15815 9235
24063 26577
23671 1823
4536 20961
962 14956
31319 23770
17353 31390
3859 22536
18262 5067
27067 22770
12650 6996
22734 17415
8219 30691
5812 7624
2226 18327
25106 30203
10491 24810
18206 30576
18910 6730
3825 32502
1540 4470
31852 18737
1625 30503
31942 14040
16174 3108
27789 24617
1947 20239
25046 1489
2129 23264
7998 24770
23538 5246
26450 17951
14607 26553
29027 32704
29635 20906
21236 10322
27016 6470
31811 8936
27726 23898
24786 30506
11886 26386
31577 30574
7294 29470
31904 27134
12307 13196
21351 20103
24125 2581
15418 2031
8947 15540
3388 11160
27366 29623
25296 14122
11529 24683
20242 20186
14341 31838
24664 1500
27266 25964
6869 27033
342 5494
16766 2660
27052 23530
29728 9254
13518 1413
27784 18924
5830 17861
5297 32731
3657 19228
1218 28318
28207 17797
3665 858
11835 5236
12007 5958
29480 8062
29493 12549
14827 3820
24174 16058
596 18157
14393 27109
14714 26124
27015 17536
27974 17454
9534 15090
18296 6823
18849 10224
19848 8997
3672 4873
24422 14501
13492 14785
5923 15631
2868 10630
7931 19184
12409 28345
20984 4047
5443 19603
4637 22417
3751 31173
31209 4245
12901 15892
17736 30414
7482 17552
28989 15900
22592 25028
26615 8699
23596 22441
16223 7889
28221 19826
27373 19044
26511 20652
16341 7468
27794 16355
17962 15385
3204 7203
25807 8727
6818 20583
30461 5697
32721 10027
12790 21586
7170 5127
9500 32287
12560 9027
14241 29068
7560 3971
578 20776
22098 3555
147 10205
25728 5824
30325 9002
24735 3065
18089 9448
31762 8476
23316 3851
10031 8792
22480 32223
7876 6081
19149 29900
16620 3828
17214 6585
20535 6529
16161 7585
31109 11480
27384 28565
14804 9315
6785 31971
30985 28757
10632 32034
30924 2157
18997 8484
11422 29911
13609 4237
25410 3348
14965 14239
15785 8553
20196 17869
7899 26039
18618 21677
14705 32411
32761 24848
12081 1870
11416 29535
6972 18871
32259 1708
7349 11717
6926 23569
27820 13336
6754 30486
247 15038
14636 28614
11920 11348
24345 8216
15201 30733
18175 11233
23317 4000
19082 5132
12860 19302
7927 24452
25938 24779
5422 24315
4763 19630
29465 31609
7495 32316
27214 18130
27399 351
22973 23852
6786 31711
340 16050
24531 1976
7521 29240
20431 11957
15963 17228
11501 19066
23728 26970
20357 29883
31754 31192
16468 24072
7245 30091
22222 3759
20624 16140
29695 26056
20395 25156
23562 11788
17680 27320
24401 25306
23775 16394
6127 1173
5281 3933
17296 32761
19374 29234
21183 26101
25251 28776
31689 9744
21428 4053
11797 25297
10457 26177
15271 29974
30472 16042
1501 18807
14001 10038
1084 2494
6855 1378
14880 17166
10966 11683
25104 7206
29001 692
32187 22775
22803 10525
1887 6999
22191 12808
14123 177
17645 1630
24985 15460
4414 11235
32223 17884
3000 11069
11263 1726
26096 11537
7871 17726
20829 21969
5888 15089
9101 14257
30542 8038
22570 6195
25640 32615
2285 11791
24634 32081
32372 30020
14880 5037
23456 1933
8272 23323
24371 5714
24534 13673
21122 20749
21540 5483
13985 5103
19967 1335
24094 27129
21643 8396
16014 121
12150 19478
9727 10594
14629 12153
1387 8331
30830 4214
11657 13775
16085 1759
11819 11410
2431 7502
9877 17031
6953 6281
14836 13699
13994 6139
31383 23882
24917 15314
29242 850
27539 7084
15539 21551
27568 28863
32190 669
19017 29759
23732 6052
14227 1982
8655 27263
30639 15538
23571 31843
18083 29683
8763 8961
31180 11110
26612 10433
26535 27637
16723 16027
23458 32750
7659 28110
9610 1378
15822 23167
2342 29574
18581 9114
5268 16309
21 30034
15617 6387
6592 14616
1573 1398
27633 24735
29275 18324
30498 31887
10660 11601
22290 4209
13872 294
3808 24537
26867 15602
28834 20889
28163 28258
19741 19604
17448 4112
24754 7525
9988 26810
15976 6615
21317 16367
13274 24769
819 27499
5626 9615
15930 1761
2770 9210
1607 26644
11998 9568
27706 23314
31749 11972
3062 23500
25122 32512
2340 9832
7683 4995
6381 17891
7308 12873
3974 7679
1712 6407
6471 7995
10545 15597
27189 27880
8641 4305
24433 11726
29343 22683
9508 1734
5372 13615
32098 4801
11161 16445
3131 15167
30805 10091
2356 21388
18560 18484
30886 18413
13046 16797
11678 25251
10271 28791
27013 25412
29311 32586
2006 38
10959 11190
2544 16589
7485 8121
13906 8408
2279 11955
8611 10910
7888 14129
20374 11686
113 4562
9828 1138
28904 11585
16917 30267
11062 19681
23512 17105
9512 17869
27588 12776
32215 29781
10071 20518
15311 31822
1158 8942
1821 11312
7261 14575
14513 28179
11284 20058
24737 25994
15517 24296
29555 31420
19739 8909
27478 19540
12904 15080
32214 25587
19146 17836
14886 29885
16907 25877
9819 29323
31670 28269
24689 18864
14849 20921
23658 28139
30796 3881
5595 29027
22164 30194
27181 15435
24776 16641
30259 26919
25029 9030
14201 25124
25445 6045
17892 18973
22808 23266
4221 18863
18733 5109
21652 15376
24320 24221
23141 2223
434 19682
5300 15228
20431 29289
32240 30369
17535 6238
32422 6916
29907 7721
21809 27861
23931 29054
5751 23921
372 20308
24489 25280
29446 29139
12412 5861
30011 7075
23009 5429
9959 11366
31025 17594
3804 17577
16484 30808
16729 8337
1695 7902
21123 23236
2867 15778
12125 22845
3544 32293
26140 28856
3357 8998
9089 30844
13689 11904
1573 5034
28281 16748
29812 11305
22362 12551
22457 16852
1977 14009
10432 9849
10784 15859
2302 13577
4986 25990
30759 5375
12067 25926
6102 13455
25513 17215
29248 19647
9136 5289
14376 14633
25372 13449
22382 5862
28159 30170
31315 11023
19993 25973
12746 10105
32477 31735
28275 7204
18703 19309
32401 20064
4614 5490
32011 28912
8295 9781
24704 29807
18367 29653
6012 29982
11403 31380
9939 6055
24249 7403
28929 5538
26483 4239
23393 8607
12769 27425
16639 30355
31573 26725
20830 21326
27994 27421
7842 2458
31676 2134
20793 2240
29648 9162
15863 20488
27202 20145
22488 9032
29974 30653
2696 21867
16600 32162
11299 2198
6283 8676
21178 18813
14153 11454
21038 19597
22292 13002
16454 7971
24599 18997
3456 24407
14561 1618
31648 26971
25418 6197
30753 30800
7510 5862
10942 7760
3399 13307
16060 1838
24203 5631
29494 22840
32468 3699
13727 23654
12932 11782
15686 16336
29201 6433
20387 28143
30370 14295
22401 18810
28814 32063
27143 30541
26915 15200
25504 10650
9452 22228
23033 18633
27508 25864
27680 9091
32163 23460
5436 25137
14190 9939
31481 30195
5654 9286
18745 15445
15627 5345
1893 28560
18086 25986
25635 3156
10333 18848
5761 7389
11319 27204
10814 23099
28667 24856
14961 21353
27991 23600
27925 4303
29144 29155
364 7653
26887 29942
31880 6119
26548 3732
565 30508
28342 20218
18766 3714
27396 32656
5033 6663
26205 23768
25297 5647
28631 11050
9310 15385
539 15934
9144 21200
10503 18401
1925 11315
14070 7865
31498 20008
7239 16074
12745 13157
24003 32070
1292 29024
18120 9089
25749 5787
13 7885
17442 22190
31182 12751
21274 16807
22556 26878
18617 177
29988 25400
8281 13659
20255 8518
29787 28349
27891 29222
11961 1301
27877 5889
13317 19854
887 30811
9563 3446
1426 14901
18637 20150
5422 2655
25473 2234
9769 18513
8589 7115
22014 12842
28475 19341
28627 4026
18669 8623
3334 11603
23113 23967
21812 28032
23305 30181
3375 15742
23635 25814
22137 29147
31488 192
2789 1689
7418 27898
2129 30704
10902 11094
32261 12099
27730 10876
20507 28260
462 10506
2783 13499
26781 15199
23421 21981
17861 11458
21243 5413
1858 19808
16118 13394
20588 29572
26300 13794
11558 2819
7716 15324
30036 29659
30194 6492
3395 16313
5508 31962
12584 26935
428 1900
4627 15995
16823 28880
15706 14061
17669 17665
31373 16370
4773 10470
22988 5115
88 25932
2897 16494
22243 17844
32589 29037
25636 32252
14538 15195
17260 27835
10891 31851
9247 27098
23750 5008
4719 17325
32552 6552
16845 25665
24104 20467
13477 1771
1389 27825
30246 14588
12220 3137
29250 9776
22777 4615
11347 27506
23570 22518
5850 14544
9202 20146
12417 21220
9311 11213
16120 30759
11648 3476
31522 3780
21021 20267
11492 21050
19429 4793
13916 8271
30791 22922
1429 20242
8386 7126
17378 13622
12048 4510
24107 1267
31056 2737
7746 19056
25562 6524
2173 18368
28483 6127
20344 8793
20320 1285
9407 29516
5150 11326
26643 13934
12393 694
21811 29596
10851 14063
10952 12347
23345 9935
8591 3101
27287 32620
5823 32417
20244 3350
137 31531
13321 21863
9944 20303
3471 11913
30360 31255
12074 18996
10271 12971
6948 23193
11053 27909
7045 25900
1403 17353
23271 18828
4132 16599
23340 7787
6272 29114
14807 10282
23141 9514
12021 20136
8371 27489
22611 21404
7559 19369
7392 14512
25040 1108
16416 18927
29055 2005
22836 30322
1045 15918
25665 4834
11835 21223
31446 12617
1555 10361
30677 31131
8692 23575
11342 418
16178 15781
23589 28571
9963 28696
25530 32534
26026 22462
18607 25019
25384 11521
7634 23190
15015 8310
13205 16083
12562 15811
19465 30406
9702 10987
28380 1288
889 32279
17556 30671
3984 7280
13549 8813
10792 29826
5227 5491
29953 18474
28389 1965
26224 11315
2730 24506
2497 16728
23342 13888
32066 22407
7991 25782
11389 16113
8987 29808
10116 15641
19085 30409
766 30287
5651 14866
7867 22823
32151 3710
23558 11376
6740 20176
7578 25281
3665 13237
26886 3304
7282 10820
19271 12450
17501 6791
28395 14668
24049 3548
19508 12129
17725 29634
15977 11580
2912 21503
3856 19100
17734 30677
1683 1417
6478 14899
9970 18415
29983 2657
10406 17985
15614 20171
12155 11147
3555 21487
2391 5379
31168 20221
11619 13854
29993 31847
17148 13567
16990 13439
11672 25585
24747 31751
20619 28155
6452 23111
20980 13114
2883 6248
15910 26467
17632 21463
10642 14510
26435 10460
28632 8302
31617 17412
31785 20586
19721 2874
20771 3062
11077 2862
9512 31644
28535 28525
11858 20216
31089 25454
1081 29855
2022 20408
30182 16741
14718 15548
15387 21388
9484 3446
3517 31781
7896 24139
7830 13093
7952 30751
10159 2039
30207 32401
17153 27888
24594 7025
7554 29323
23503 2616
2775 21617
19460 21312
22089 11949
12773 8362
22116 18890
10366 7521
32196 4659
28949 20807
23487 29495
12917 11350
25958 5664
17610 3799
14507 25068
18860 8609
18685 29331
22408 24100
8314 27812
7932 23137
16366 8932
19084 24021
392 21141
29532 19977
23098 15919
27505 30277
8696 22485
6608 28552
2616 13113
16961 1741
27376 31697
3405 1030
32462 4034
8792 25956
15909 11912
23441 16857
25768 11371
7559 25811
5175 32481
23638 7145
23322 22680
4421 23573
12305 13886
30261 27175
22617 26334
13710 27315
27309 23466
23787 4874
545 16917
18415 21753
15793 27020
19532 31451
10088 14706
16764 12161
29438 6770
5219 3028
8748 6600
20639 7734
10466 2645
4321 18198
16524 18090
10242 20415
3345 7657
17237 21169
15378 31887
4814 30914
13240 13806
7460 13538
1894 12988
8513 6156
2610 18023
12894 5117
25440 12558
11042 24028
3128 13050
4237 25853
27165 6073
139 15384
32075 12738
9973 12894
7451 22532
28651 29722
25767 24965
20576 20366
32458 15840
18440 18931
23251 7108
3200 6791
15815 20999
4058 18752
23986 30119
32745 32590
15686 11934
3334 18530
20421 19538
32732 1386
7638 30716
24452 17573
20628 22364
30955 17638
20928 4341
4725 5519
27742 22922
20873 16405
427 21181
21834 24730
20380 2263
30578 31568
24263 3774
11436 6430
17396 27681
1063 1655
20021 5613
2278 16636
9165 23252
30028 30667
24537 398
16698 17278
13815 24330
17566 593
21524 25439
26054 25763
24537 31938
360 18137
6751 17189
3420 21411
32739 26842
24591 25525
7283 28839
25762 25409
18214 9476
18806 3829
26991 12281
27327 28043
30558 10038
3129 15390
6673 28366
1893 22906
8972 19233
2435 17694
11780 17812
8125 104
8333 28584
25985 2689
11005 24851
14088 20302
14911 31945
6979 27653
15222 16352
7773 6683
18277 16639
12501 6919
19578 21140
16487 9903
544 9501
29097 12541
5226 30584
18291 25925
22305 17832
17701 2808
19178 12765
16869 13079
5468 17105
19844 8299
31911 12922
17245 10611
21493 3650
17327 16951
10158 4867
1413 31875
10288 13858
15786 8366
6769 3601
13168 22027
28017 15174
23783 830
11170 10251
26178 26952
9911 16840
9124 18855
8553 12375
27717 700
22622 28696
7690 25760
27505 4354
23294 10997
1270 12070
499 16652
2489 23975
13304 24144
10809 22301
8888 21971
16281 31661
29428 17528
31312 26333
32396 28169
28409 4623
31235 13815
28646 30328
12208 10782
31350 12553
13908 24476
6046 11738
2155 25481
22101 7503
15378 8998
27694 23262
12450 24993
2848 5594
9409 16172
13103 26762
19376 9932
13486 7529
6718 15877
1557 5168
18848 26835
3089 16126
12831 25137
22240 27115
23277 25477
8408 1126
8246 20538
19764 20011
28738 27532
15778 31262
14178 12721
6337 15039
14830 18828
21852 9055
17813 23816
12263 27379
10099 31791
29312 23418
28903 3242
5735 22573
2736 26154
31265 29184
14106 13540
20537 31040
23967 13470
9698 28249
30800 2529
4547 22435
4495 16762
15945 8496
971 24963
18425 4737
5902 10272
30009 25901
27135 9701
23160 19744
23716 19218
32710 22361
18830 1174
3086 29282
15000 8221
31861 21058
15715 30411
1920 31700
26985 4962
10138 20860
26603 21674
18676 13789
8380 29199
18209 8896
7897 28108
23475 29280
5026 16162
27548 24726
25029 21040
10262 17157
838 27281
24695 30985
1302 12155
29454 1274
21865 21813
1529 25018
18485 8890
17074 22752
21918 9364
24895 8130
10255 16908
32005 17448
24900 21097
22714 12536
5931 24650
25867 8956
32293 25508
6586 30927
12381 4571
77 28538
23190 12874
19245 13802
4458 4310
7426 28852
11593 9927
26949 6664
16535 16528
7520 30426
23538 32677
22818 27207
17079 27230
14963 1505
20888 11245
7179 8454
16563 13090
32658 29550
1829 5238
2653 13278
4642 19507
6594 7277
23787 484
28433 20590
30078 16307
17005 23661
18774 29922
31749 15983
16740 32092
16536 19593
21967 30988
13484 5697
20289 8684
8764 24593
30382 7728
32241 25329
7663 29906
14289 32020
20006 14373
25773 25797
4177 29274
14271 16812
9696 31818
2537 16701
10680 5245
8169 9354
13644 30171
17101 15988
13040 10845
19503 22531
19135 16028
9727 15161
1604 31677
3291 12645
6417 3506
30055 26948
28230 29049
4629 20149
14903 22226
1144 496
16534 21447
7094 2599
15758 11268
24842 19381
3338 2279
31238 13345
25677 4476
25736 25962
10770 30675
13653 16398
8624 21222
7265 5358
135 14318
12018 4453
17738 26212
32499 22311
3792 21187
12079 3671
22727 4057
2994 23524
32740 22962
935 24664
14269 8130
534 3262
24148 21890
23128 8328
32408 24987
19143 16502
15358 2833
22111 21369
30414 15205
30136 3535
5802 29032
8231 678
21765 13827
22184 22066
12072 22507
10507 32199
18078 31975
24061 1364
16698 20352
23381 20753
23239 2755
29527 13817
4191 29106
2590 13691
27273 23519
14993 21943
4706 6275
31921 26082
23296 24762
28888 6051
4428 10147
3641 24012
5626 2268
27679 5693
10844 25621
20746 23963
7330 26568
26920 30865
15370 18560
19750 23408
24433 5187
9396 15450
2655 21340
20032 22111
615 17385
3900 6662
26742 4018
4874 4547
19482 29730
26548 4975
572 7827
22694 12185
27502 5194
1933 28169
21037 32283
25024 8963
26577 19274
28294 8077
4038 20495
25096 16928
11388 2252
19291 5506
12096 6082
14570 30003
25523 23923
4846 6757
23261 29385
15118 27612
20657 29287
24911 11513
11041 19751
1815 20661
23310 12154
16844 28657
996 8896
16892 5828
26664 21430
25998 22762
28763 882
6069 24601
5916 4001
8436 32148
21261 13350
20803 28545
18552 17015
8271 7181
9554 26094
23274 19536
24490 1398
26768 26729
25615 11898
5031 23278
2397 28048
13051 15901
313 29206
16489 23421
21812 17927
26659 20314
8265 25558
25659 24826
31524 20655
14671 4355
20643 26883
17297 13194
7400 30471
23053 13759
19898 17931
14489 11370
28141 32723
30836 30505
8209 6522
28351 11708
26218 27069
1260 10822
239 26838
31241 1096
22882 26136
30529 2364
30777 11451
17628 27516
12423 3157
8112 6002
8015 8107
18216 16908
11748 23553
1982 15542
6166 22828
2266 32420
31869 2379
31838 1586
12408 16008
2938 11884
15928 25441
11755 4803
28262 6583
21528 23842
29829 31361
32447 19286
25699 25450
30181 27224
1438 17863
29525 6786
4114 3371
12225 1176
16005 9291
25319 22052
20878 26911
5029 20775
654 16348
21126 19340
13358 31036
11454 27028
18132 7714
4320 7446
5828 31962
9163 25225
21405 32322
25616 21637
30785 4029
26417 20405
25949 31553
2044 12061
31431 2308
9649 8584
27037 18341
19325 3
2463 27531
13348 8269
12159 13770
2603 2938
20824 8864
25923 18571
4396 30597
13189 2072
12364 277
11943 17894
22650 27165
3893 4139
9682 433
76 15647
22100 18435
19898 26924
12219 13158
25152 14054
6765 3018
19353 10419
5722 14138
2387 7244
13637 3134
9236 14522
14713 7084
7577 3355
19175 11721
29273 4790
22767 1047
27226 24671
658 27952
1278 4196
30307 15339
20288 28703
279 1217
13119 6370
13365 22065
1074 2979
6763 4690
17570 14461
10465 31852
7445 23729
1175 27267
21029 12855
18861 2527
23134 12413
3260 8121
5054 31674
4038 14215
21713 20148
12867 20250
30386 25342
29380 17929
14716 23780
19711 9125
12534 15814
2155 24298
32513 27954
25907 27868
30723 21884
2249 17364
14643 14398
6048 25021
16308 29452
10609 26950
1563 27538
217 18910
12807 24739
18522 22509
12569 24500
26465 8098
24477 6653
22919 24123
27667 20645
23804 18156
6851 30092
19155 12027
15851 8414
21168 5527
3673 4959
5978 12318
23052 17846
9507 23572
13502 23297
16818 10828
31985 26287
13587 7076
12968 14372
24863 19738
2983 16244
13103 25938
12191 12969
5725 32038
1837 22272
19330 22377
1833 1963
19761 32399
29108 12429
13829 15438
32743 28880
30316 18382
4690 22495
4059 8204
9534 16689
13301 24912
27420 19965
943 26105
13895 458
8830 23880
3479 629
3333 4661
4848 1232
23889 21780
23632 4031
18507 18922
27989 15114
14567 20151
5389 31169
32643 17181
1806 19945
18507 8889
17331 8372
12628 7108
22893 15264
21321 1720
11033 28773
14285 11464
10922 10917
32379 12774
7712 24529
11558 30013
11147 17578
18041 20531
19330 11118
30667 4535
21480 21453
10135 20644
11127 28966
5565 25698
31099 26652
14664 15321
14456 27908
22908 9185
21138 21937
19932 12013
18667 4107
14081 30612
9475 17827
15248 17178
18248 29871
24796 10577
31158 18237
6796 3225
30521 24094
2944 11488
3001 5110
6798 2970
1730 17254
24753 5314
19277 25346
3518 16063
27593 31276
1694 29144
18555 31877
1424 9157
8631 17130
2568 661
17123 15898
13069 16741
31372 18966
25009 10776
15865 32374
20168 4498
25769 6039
16038 16361
559 11773
14926 31670
9604 29388
32636 25435
22796 3049
10775 21391
10664 25867
29687 28616
24871 441
19292 27441
21021 30854
10785 7215
18578 32316
7694 20235
25655 18639
16459 32345
27843 20551
24767 17576
14021 15975
16495 24221
11980 31637
23464 24229
18816 21893
26814 17822
18103 22606
4776 21150
26552 4710
20558 25646
27643 24461
5111 15038
5146 23700
20472 16008
4338 31981
978 6337
3729 3683
25421 6966
2918 32212
21381 471
21209 8731
30148 25869
6999 4852
8943 11370
11986 8746
24660 20861
30127 12796
9697 16425
13948 31062
19232 10052
20044 15641
5529 20720
32177 7480
4553 9004
3107 18170
27727 12720
13551 13843
15688 1506
25746 10644
19601 5728
25880 17923
18541 8609
25379 14106
13928 5200
14439 22712
31953 11321
9534 8926
3916 7373
29407 17955
6206 23526
8237 14279
13412 26636
22576 5881
32670 3898
23896 16161
28506 9737
1064 8202
26568 19383
30430 459
29902 20074
17497 9307
9483 24168
24174 27904
21606 1757
28572 17255
18071 15544
28979 19240
4589 25044
2333 305
677 32285
6778 23145
10039 12893
17402 19176
20978 2257
32556 26016
32565 31397
19800 32126
23653 21241
30409 25358
22613 22927
12848 30556
21782 5454
9965 29891
28362 13152
9134 31830
20454 30873
32371 8741
23048 20371
6141 21177
11638 29633
21602 26513
7206 21557
14164 4581
2944 29963
5271 27007
7097 13070
30181 32612
3739 22706
8163 24998
16303 12960
23504 10086
25200 11925
5035 11667
1341 6909
22968 27446
7884 22153
13156 15486
4195 10505
597 7416
16722 14694
2312 561
2853 6829
18337 6610
18692 15638
18471 21474
2947 6355
5726 29877
1429 3264
15100 21144
23353 32299
4221 23028
17289 30743
31373 22568
27522 27215
7642 21180
17018 16600
14138 23623
9982 21486
6028 20431
5732 27507
13776 27818
1418 30725
7816 13934
16202 28729
32558 6652
23127 12567
15491 11277
9790 17229
22540 12368
31232 32684
2130 5992
14479 4
23241 31708
24733 4204
10601 13340
9581 14221
19418 21559
26274 5740
23382 13314
27759 18432
2883 25184
25534 1846
15045 17358
16202 25043
13818 12735
10386 31365
19314 1806
13136 11311
31205 32021
21224 14994
17346 5471
29570 12226
12406 21804
30303 8815
7070 1681
20978 30318
17797 32221
25842 4004
22886 25602
32117 6734
29629 12318
17344 16616
9618 20701
6105 19946
18884 12109
15104 1816
22708 27956
19791 28874
10115 9841
13321 11952
21661 21544
32588 11682
23093 7683
9821 29742
11729 1256
31218 28785
10779 21900
31833 23056
8890 6009
12318 32567
11004 11048
3108 881
13888 28602
31197 30979
11480 25946
9261 9281
24963 7460
28093 6912
25237 13509
12388 15774
21290 1275
13264 4720
14148 12043
14528 26466
17283 7021
7082 28461
23187 25091
14106 8220
14096 2685
15702 12052
5498 23301
12418 17536
971 18284
32395 2817
28080 15543
10184 16742
12129 29966
25765 2603
14791 12781
19136 4097
17656 21527
31073 3496
12930 31150
1361 1374
30071 1531
25626 25645
14986 28134
2119 19536
30615 12911
1197 30452
13341 31229
24270 10796
24209 13512
16354 2497
417 5314
31595 11850
28315 10540
30645 4939
23294 22449
16568 24572
22719 25779
9049 14208
32395 1663
32700 19786
14767 12882
2571 30807
11250 12626
13820 31862
1883 28476
21722 10496
11808 23205
27388 24117
32437 1694
8362 28170
26714 7653
15206 4280
3191 12951
8509 21179
11263 21240
8946 19698
2307 27587
14320 11073
18374 10567
13283 6222
16024 26587
27772 1933
3486 19825
6899 14018
23458 11956
5349 6853
15168 17934
30098 18001
16039 13829
16900 28429
549 30393
4677 30275
7339 11731
11395 28488
159 24193
28331 29679
31572 15899
25581 27439
12219 513
1963 31682
19606 1470
18675 924
17440 32680
14113 16980
20576 25397
18452 29503
16395 9185
27993 20720
1832 20265
4093 29396
4374 16383
15406 22619
23206 1630
4638 15557
20447 1017
26165 19419
32629 291
3149 32441
30969 8056
1500 19497
16742 9306
17788 15166
22104 31173
25234 20953
26300 26405
29982 782
24116 10478
8162 25917
24969 2422
19532 9411
4800 26550
25730 11840
5638 17622
10473 5214
7338 11050
9977 9781
995 470
21195 26214
11100 14342
26417 28045
19665 14886
13619 17179
4194 15731
20908 27181
20672 6448
27393 20456
248 20259
12997 22841
31635 7214
9337 23397
20341 14206
