100 100
10000 9999 9999 9999
10000 9998 9999 9998
10000 9997 9999 9997
10000 9996 9999 9996
10000 9995 9999 9995
10000 9994 9999 9994
10000 9993 9999 9993
10000 9992 9999 9992
10000 9991 9999 9991
10000 9990 9999 9990
10000 9989 9999 9989
10000 9988 9999 9988
10000 9987 9999 9987
10000 9986 9999 9986
10000 9985 9999 9985
10000 9984 9999 9984
10000 9983 9999 9983
10000 9982 9999 9982
10000 9981 9999 9981
10000 9980 9999 9980
10000 9979 9999 9979
10000 9978 9999 9978
10000 9977 9999 9977
10000 9976 9999 9976
10000 9975 9999 9975
10000 9974 9999 9974
10000 9973 9999 9973
10000 9972 9999 9972
10000 9971 9999 9971
10000 9970 9999 9970
10000 9969 9999 9969
10000 9968 9999 9968
10000 9967 9999 9967
10000 9966 9999 9966
10000 9965 9999 9965
10000 9964 9999 9964
10000 9963 9999 9963
10000 9962 9999 9962
10000 9961 9999 9961
10000 9960 9999 9960
10000 9959 9999 9959
10000 9958 9999 9958
10000 9957 9999 9957
10000 9956 9999 9956
10000 9955 9999 9955
10000 9954 9999 9954
10000 9953 9999 9953
10000 9952 9999 9952
10000 9951 9999 9951
10000 9950 9999 9950
10000 9949 9999 9949
10000 9948 9999 9948
10000 9947 9999 9947
10000 9946 9999 9946
10000 9945 9999 9945
10000 9944 9999 9944
10000 9943 9999 9943
10000 9942 9999 9942
10000 9941 9999 9941
10000 9940 9999 9940
10000 9939 9999 9939
10000 9938 9999 9938
10000 9937 9999 9937
10000 9936 9999 9936
10000 9935 9999 9935
10000 9934 9999 9934
10000 9933 9999 9933
10000 9932 9999 9932
10000 9931 9999 9931
10000 9930 9999 9930
10000 9929 9999 9929
10000 9928 9999 9928
10000 9927 9999 9927
10000 9926 9999 9926
10000 9925 9999 9925
10000 9924 9999 9924
10000 9923 9999 9923
10000 9922 9999 9922
10000 9921 9999 9921
10000 9920 9999 9920
10000 9919 9999 9919
10000 9918 9999 9918
10000 9917 9999 9917
10000 9916 9999 9916
10000 9915 9999 9915
10000 9914 9999 9914
10000 9913 9999 9913
10000 9912 9999 9912
10000 9911 9999 9911
10000 9910 9999 9910
10000 9909 9999 9909
10000 9908 9999 9908
10000 9907 9999 9907
10000 9906 9999 9906
10000 9905 9999 9905
10000 9904 9999 9904
10000 9903 9999 9903
10000 9902 9999 9902
10000 9901 9999 9901
10000 9900 9999 9900
